0.6198423294367529
-0.20949351381428127
0.026370723571619906
-0.04040320970720625
0.1543467847273465
-0.4090124518541574
0.7390965435460394
0.335338599506192
0.4489149093710197
-0.7082526491358078
0.5145504632015331
-0.34017526659978964
0.059574592251916386
-0.7713816458087402
0.08405190098463156
0.02315375964646887
0.8744501585463615
0.4135055745043315
-0.7071982051649813
-0.6425312014795689
0.7299057068570753
0.2534280904352681
-0.7283377978947363
-0.7499169922331651
0.13562793005075388
0.9596524569780517
-0.13681648692564033
0.09778728904716315
-0.04406190811094471
0.1492907246119838
-0.6087526226313699
0.20747682120716912
-0.476209148778354
0.8909144013690359
0.5021494225100032
0.7422319583925191
-0.8296914469986757
-0.17364693628481173
0.5375345205038368
-0.029842298835542257
1.118745407603512
-1.0717359456003062
0.8084939420411829
-0.9627946484645613
-0.03639474520942281
-0.8877745440312123
1.7617177740828884
0.872463607293029
-0.778254577030118
0.5779455577323618
0.0984762545897409
0.7787220513754703
-0.07347392224939886
-0.8648023586156457
-0.40415770840573484
0.6090759810958274
-0.49669443844154654
0.7830284621357241
-0.7790177113930102
1.7153131258866212
0.03812138488813201
-0.5098376005306802
0.13424075356099735
0.2398921508255881
0.9320803451057074
-0.16270196441358456
-0.6303688304660474
0.7071237587977064
0.5875735960866899
-0.25720668868631713
-0.7307664980837516
0.5055085680015321
-0.6144207062795923
-0.3931870112862634
1.7760094951559047
-0.3356927041323615
-0.4174285580169278
-0.7438172812899058
-0.7601814478005222
-0.6410451000875343
-0.9940538104167276
0.9078653307088713
0.2008516262351448
-0.019223512757364117
-0.7365991812308149
-0.7269026060087305
0.022543619670676113
0.07031979029594103
0.6420546098432086
-0.11947564639956619
-0.07583291110602514
-0.8790281432688234
1.0953866377433537
-0.5849565209155353
0.8089045555438933
-0.40915931190647403
0.3301125908380091
0.947858456258462
0.6072202607322117
1.6396724196054324
-0.5030282865212399
